[[ 0.1374505  -0.12217071  0.35468258  0.88245418 -0.32050671  0.31187863
   0.11782977]
 [ 0.1366893  -0.12358729  0.35363883  0.88162671 -0.32417999  0.30912933
   0.11805009]
 [ 0.13517768 -0.12637518  0.35156422  0.87997145 -0.33140317  0.30370195
   0.11846226]
 [ 0.1329372  -0.13044601  0.34848371  0.87748916 -0.34193749  0.29573691
   0.11901226]
 [ 0.13000022 -0.13567264  0.3444322   0.87418458 -0.35544365  0.28543894
   0.11962536]
 [ 0.12640943 -0.14189535  0.33945231  0.87006941 -0.37150313  0.27307012
   0.12021285]
 [ 0.12221712 -0.14892972  0.3335923   0.86516614 -0.38964234  0.25894035
   0.12067978]
 [ 0.11748443 -0.15657581  0.32690537  0.8595109  -0.40935888  0.24339656
   0.1209325 ]
 [ 0.11227982 -0.16462833  0.31944914  0.85315538 -0.43014735  0.22680909
   0.12088564]
 [ 0.1066778  -0.1728874   0.31128636  0.84616795 -0.45152171  0.20955694
   0.1204689 ]
 [ 0.10075721 -0.18116866  0.30248573  0.83863306 -0.47303454  0.19201101
   0.11963136]
 [ 0.09460016 -0.18931239  0.29312332  0.83064949 -0.49429067  0.17451899
   0.1183446 ]
 [ 0.08829059 -0.19718981  0.28328183  0.82232655 -0.5149571   0.15739153
   0.11660275]
 [ 0.08191315 -0.20470632  0.27304997  0.81377946 -0.53476739  0.14089243
   0.11442022]
 [ 0.07555166 -0.21180128  0.2625208   0.80512317 -0.55352333  0.12523394
   0.11182718]
 [ 0.06928758 -0.21844395  0.25178978  0.79646617 -0.57109248  0.11057724
   0.10886329]
 [ 0.06319861 -0.22462701  0.24095331  0.78790492 -0.58740366  0.0970378
   0.1055709 ]
 [ 0.05735708 -0.23035834  0.23010831  0.77951952 -0.60243954  0.08469356
   0.10198895]
 [ 0.05182924 -0.2356529   0.21935382  0.77137238 -0.61622652  0.0735942
   0.09814888]
 [ 0.04667517 -0.24052608  0.20879466  0.76350968 -0.62882252  0.06377021
   0.09407386]
 [ 0.04194975 -0.24498886  0.19854633  0.7559665  -0.6403024   0.05523865
   0.08978029]
 [ 0.03770419 -0.24904577  0.18874111  0.74877411 -0.65074313  0.04800704
   0.08528307]
 [ 0.03398784 -0.25269485  0.17953264  0.74196817 -0.66020992  0.04207461
   0.08060198]
 [ 0.03084978 -0.25592874  0.17109814  0.7355966  -0.66874443  0.03743164
   0.07576837]
 [ 0.02833907 -0.25873651  0.16363691  0.72972445 -0.6763579   0.03405956
   0.07083099]
 [ 0.02650361 -0.2611052   0.15736305  0.72443566 -0.68302819  0.03193062
   0.06586022]
 [ 0.02538656 -0.26302122  0.15249262  0.71982975 -0.68870355  0.03100856
   0.06094937]
 [ 0.02502135 -0.26447121  0.14922597  0.71601487 -0.69331036  0.0312496
   0.05621295]
 [ 0.02542543 -0.26544323  0.14772715  0.71309758 -0.69676468  0.03260311
   0.0517821 ]
 [ 0.02659439 -0.26592822  0.14810345  0.71117145 -0.69898531  0.03501136
   0.047797  ]
 [ 0.02849795 -0.2659216   0.15038893  0.7103066  -0.69990554  0.03840889
   0.04439694]
 [ 0.0310784  -0.26542549  0.1545349   0.7105411  -0.6994837   0.04272111
   0.04170885]
 [ 0.0342531  -0.26445009  0.16040952  0.71187692 -0.69770855  0.04786323
   0.0398355 ]
 [ 0.03792012 -0.26301453  0.16780706  0.71427932 -0.69460192  0.05373992
   0.03884485]
 [ 0.04196669 -0.26114638  0.17646563  0.7176803  -0.69021653  0.06024718
   0.03876281]
 [ 0.046279   -0.25887957  0.18608988  0.72198519 -0.68463092  0.0672754
   0.03956904]
 [ 0.05075183 -0.25625171  0.1963757   0.72708076 -0.6779421   0.07471519
   0.04119882]
 [ 0.0552963  -0.25330126  0.20703284  0.73284327 -0.67025835  0.08246406
   0.04354899]
 [ 0.05984485 -0.25006538  0.2178025   0.73914608 -0.66169216  0.09043247
   0.04648793]
 [ 0.0643527  -0.24657913  0.2284683   0.74586582 -0.65235472  0.09854803
   0.04986824]
 [ 0.06879621 -0.24287656  0.23886062  0.75288575 -0.64235381  0.10675772
   0.05353923]
 [ 0.0731687  -0.23899267  0.24885497  0.76009772 -0.63179342  0.11502651
   0.05735793]
 [ 0.07747444 -0.23496605  0.25836606  0.76740187 -0.62077674  0.12333261
   0.06119708]
 [ 0.08172163 -0.23084132  0.26733923  0.77470489 -0.60941151  0.13165931
   0.06494946]
 [ 0.08591542 -0.22667071  0.27574072  0.78191761 -0.59781685  0.13998483
   0.06852901]
 [ 0.09005113 -0.22251464  0.2835483   0.78895186 -0.58613131  0.14827089
   0.07186999]
 [ 0.09410889 -0.21844118  0.29074317  0.79571776 -0.57452005  0.15645274
   0.07492452]
 [ 0.09804942 -0.21452485  0.29730346  0.80212101 -0.56318102  0.164431
   0.07765957]
 [ 0.10181226 -0.21084498  0.30319954  0.80806189 -0.55234687  0.17206752
   0.08005462]
 [ 0.10531705 -0.20748353  0.30839295  0.81343547 -0.54228189  0.17918823
   0.08209922]
 [ 0.10846767 -0.20452232  0.31283698  0.81813414 -0.53327256  0.18559087
   0.08379058]
 [ 0.11115955 -0.20203976  0.31647959  0.82205183 -0.52561177  0.19105952
   0.08513127]
 [ 0.11328942 -0.20010678  0.31926835  0.82509022 -0.51957728  0.1953841
   0.0861274 ]
 [ 0.11476649 -0.19878242  0.32115698  0.82716652 -0.51540707  0.19838154
   0.08678616]
 [ 0.11552306 -0.1981091   0.32211056  0.82822049 -0.51327575  0.19991622
   0.08711369]]